 村村通计划
序号：#51 难度：非常难  时间限制：1000ms  内存限制：10M
描述

乡政府设立了一项村村通计划，准备修建一个公路网，以覆盖乡里所有村落。不要求每个村落都直接连通，只要有路到达即可（例如A->B,B->C,那么 A->C也连通）。但是因为财政压力过大，要求尽量节省开支。
经过调研和评估，政府已经评估出了每两个村之间修筑一条路所需要的成本，请问实现村村通计划，所需要的最低成本是多少？
输入

第一个数字n表示村庄的个数，村庄编号为1~n
之后有n*(n-1)/2组元素，每组有a,b,c三个数字,a,b是村庄编号，c是两个村庄之间修路的成本。

例如3;1,2,3;1,3,4;2,3,5
表示一共3个村庄，1,2之间修路需要花费3，2,3之间修路需要花费5，1,3之间修路需要花费4。
输出

一个整数，表示最少需要花费的成本。
输入样例

3;1,2,3;1,3,4;2,3,5

9;1,2,434;1,3,491;1,4,184;1,5,233;1,6,306;1,7,286;1,8,284;1,9,384;2,3,121;2,4,103;2,5,65;2,6,356;2,7,324;2,8,213;2,9,317;3,4,255;3,5,210;3,6,456;3,7,323;3,8,362;3,9,260;4,5,198;4,6,352;4,7,63;4,8,417;4,9,250;5,6,253;5,7,339;5,8,458;5,9,306;6,7,486;6,8,392;6,9,296;7,8,169;7,9,125;8,9,102

19;1,2,421;1,3,285;1,4,393;1,5,419;1,6,292;1,7,48;1,8,104;1,9,157;1,10,415;1,11,146;1,12,78;1,13,180;1,14,314;1,15,440;1,16,433;1,17,87;1,18,477;1,19,141;2,3,152;2,4,214;2,5,311;2,6,104;2,7,454;2,8,347;2,9,388;2,10,441;2,11,130;2,12,343;2,13,89;2,14,410;2,15,290;2,16,500;2,17,195;2,18,182;2,19,419;3,4,477;3,5,220;3,6,22;3,7,133;3,8,134;3,9,159;3,10,202;3,11,304;3,12,463;3,13,141;3,14,237;3,15,50;3,16,117;3,17,369;3,18,193;3,19,321;4,5,179;4,6,287;4,7,275;4,8,26;4,9,175;4,10,216;4,11,146;4,12,17;4,13,295;4,14,56;4,15,297;4,16,295;4,17,241;4,18,470;4,19,214;5,6,217;5,7,189;5,8,226;5,9,341;5,10,314;5,11,376;5,12,42;5,13,118;5,14,339;5,15,174;5,16,345;5,17,380;5,18,282;5,19,213;6,7,72;6,8,102;6,9,383;6,10,350;6,11,368;6,12,400;6,13,24;6,14,83;6,15,45;6,16,32;6,17,369;6,18,92;6,19,320;7,8,164;7,9,323;7,10,289;7,11,368;7,12,40;7,13,469;7,14,94;7,15,372;7,16,283;7,17,461;7,18,404;7,19,391;8,9,299;8,10,78;8,11,236;8,12,178;8,13,350;8,14,440;8,15,241;8,16,443;8,17,323;8,18,91;8,19,311;9,10,222;9,11,106;9,12,384;9,13,258;9,14,128;9,15,253;9,16,340;9,17,439;9,18,408;9,19,163;10,11,227;10,12,275;10,13,193;10,14,196;10,15,359;10,16,64;10,17,469;10,18,319;10,19,459;11,12,360;11,13,118;11,14,36;11,15,96;11,16,287;11,17,377;11,18,35;11,19,28;12,13,319;12,14,349;12,15,109;12,16,129;12,17,70;12,18,205;12,19,13;13,14,319;13,15,324;13,16,257;13,17,159;13,18,262;13,19,164;14,15,312;14,16,479;14,17,429;14,18,495;14,19,175;15,16,288;15,17,58;15,18,143;15,19,107;16,17,17;16,18,494;16,19,216;17,18,43;17,19,89;18,19,493

20;1,2,62;1,3,126;1,4,72;1,5,82;1,6,30;1,7,321;1,8,387;1,9,318;1,10,257;1,11,337;1,12,456;1,13,205;1,14,477;1,15,365;1,16,86;1,17,389;1,18,456;1,19,89;1,20,235;2,3,65;2,4,212;2,5,287;2,6,37;2,7,113;2,8,407;2,9,113;2,10,190;2,11,329;2,12,398;2,13,37;2,14,311;2,15,451;2,16,154;2,17,373;2,18,32;2,19,174;2,20,193;3,4,409;3,5,483;3,6,441;3,7,246;3,8,438;3,9,145;3,10,222;3,11,303;3,12,221;3,13,110;3,14,258;3,15,301;3,16,336;3,17,314;3,18,13;3,19,122;3,20,341;4,5,117;4,6,28;4,7,445;4,8,298;4,9,348;4,10,342;4,11,325;4,12,158;4,13,292;4,14,469;4,15,31;4,16,315;4,17,143;4,18,214;4,19,224;4,20,125;5,6,155;5,7,460;5,8,63;5,9,290;5,10,181;5,11,356;5,12,11;5,13,282;5,14,114;5,15,302;5,16,117;5,17,418;5,18,306;5,19,230;5,20,259;6,7,413;6,8,249;6,9,204;6,10,210;6,11,96;6,12,45;6,13,34;6,14,245;6,15,328;6,16,494;6,17,267;6,18,142;6,19,137;6,20,472;7,8,356;7,9,252;7,10,126;7,11,316;7,12,306;7,13,406;7,14,487;7,15,161;7,16,407;7,17,269;7,18,265;7,19,209;7,20,376;8,9,183;8,10,14;8,11,105;8,12,433;8,13,418;8,14,345;8,15,136;8,16,127;8,17,432;8,18,172;8,19,152;8,20,177;9,10,490;9,11,146;9,12,434;9,13,131;9,14,273;9,15,405;9,16,478;9,17,25;9,18,30;9,19,293;9,20,321;10,11,426;10,12,280;10,13,473;10,14,333;10,15,48;10,16,237;10,17,42;10,18,415;10,19,411;10,20,47;11,12,20;11,13,343;11,14,455;11,15,355;11,16,470;11,17,82;11,18,286;11,19,141;11,20,224;12,13,453;12,14,130;12,15,360;12,16,386;12,17,252;12,18,133;12,19,290;12,20,229;13,14,148;13,15,311;13,16,22;13,17,459;13,18,236;13,19,292;13,20,431;14,15,69;14,16,331;14,17,168;14,18,102;14,19,245;14,20,79;15,16,139;15,17,255;15,18,413;15,19,93;15,20,109;16,17,382;16,18,165;16,19,386;16,20,23;17,18,380;17,19,338;17,20,144;18,19,240;18,20,224;19,20,386
输出样例

7

1016

727

708
其他

提交 58 次 通过 25 次 通过率 43.10%
感谢热心群众 汤强 于 2017年05月09日 18:49 提供赛题
