 国王招驸马
序号：#38 难度：困难  时间限制：1000ms  内存限制：10M
描述

国王为了给公主找到这个世界上最聪明的人作为驸马，发明了一个游戏。在游戏中，国王设置了多个连续的屋子，从第一个屋子开始，每个屋子都会有n(n>=0)个门来进入接下来的1~n个屋子（例如这个屋子有2个门，那么就是第一个门可以进入之后第一个屋子，第二个门可以进入之后第二个屋子）， 最后经过屋子最少的人将获得胜利，迎娶美丽的公主。
输入

一组数据，分别用(,)隔开，每一个数字表示对应的屋子共有多少扇门。
输出

一个整数，表示到达最后屋子时经过的最少的屋子数，如果不能到达则返回-1。
输入样例

2,3,1,1,4

1,1,1,0,1

1,0,3,0,0,2,1,1,0,4,0,1,3,2,4

2,0,4,2,3,5,2,4,5,0,4,5,0,5,5,2,0,3,3

8,8,10,5,2,0,16,2,4,11,18,11,11,10,4,14,18,16,5,4,11,19,16,16,12,13,18,9,7,1,4,16,10,14,1,13,15,17,15,19,9,14,11,0,4,15,15,3,12,1,8,4,0,4,0,12,18,18,2,5,0,6,2,11,1,3,4,16,1,0,15,10,14,7,11,19

7,3,1,5,5,7,6,1,4,3,1,5,3,2,4,2,2,3,0,4,7,2,0,1,2,0,2,3,2,4,5,0
输出样例

2

-1

-1

5

5

8

