 漂流瓶
序号：#59 难度：非常难  时间限制：1000ms  内存限制：10M
描述
老板要宣传公司新产品，决定在将广告放在漂流瓶扔在大海里。
用数组表示大海水位的高度，比如：
            {1, 2, 2, 3, 5},
            {3, 2, 3, 4, 4},
            {2, 4, 5, 3, 1},
            {6, 7, 1, 4, 5},
            {5, 1, 1, 2, 4}
其中左边界和上边界表示太平洋，右边界和下边界表示大西洋。左下与右上两个重合点既是太平洋也在大西洋
将漂流瓶扔到大海里，漂流瓶会随机向上下左右四个方向漂流，但是只能漂向水位低于或等于当前水位的方向。
请输出所有符合以下条件的位置坐标：将漂流瓶从这个位置丢下，既可能漂到太平洋，又可能漂到大西洋。

输入
一个二维整数矩阵，表示海域水位高低情况。使用;分隔每行，使用,分隔行内数据。

输出
符合条件的位置坐标，使用;分隔每组坐标，使用,分隔坐标的x与y轴。

输入样例
1,2,2,3,5;3,2,3,4,4;2,4,5,3,1;6,7,1,4,5;5,1,1,2,4

65,13,19,88,57,19,31,71,23,90,54,31,68,35,51,85,55,95,31,40,35,16,24,34,57,65,94,4,35,26,0,52,33,53,67,94,43,7,77,8,85,69,20,72,23,70,28,84,19,62,32,5,38,1,92,52,13,83,26,62,56,72,60,36,96,99,8,40,8,20,78,57,30,78,43,69,93,28,16,57,3,45,36,85,68,35,76,75,69,83,8,58,52,35,66;19,90,38,80,48,24,65,39,52,68,35,19,85,24,84,73,83,80,27,90,21,52,82,57,38,44,40,29,4,39,94,93,55,83,64,34,43,50,81,44,7,62,19,25,1,15,26,72,84,22,1,39,12,13,51,57,45,29,67,46,6,60,35,93,53,13,32,2,10,66,18,88,50,70,84,91,32,64,1,28,9,48,31,6,72,28,85,80,7,39,38,67,94,35,2;35,83,46,36,2,67,36,41,24,72,9,86,14,57,35,67,59,52,95,37,8,25,98,78,75,20,93,30,80,63,48,67,81,94,65,6,61,73,1,63,45,17,49,41,79,81,56,85,69,83,17,20,93,20,54,24,27,50,16,99,88,46,51,30,79,71,75,41,62,52,87,95,84,80,30,15,26,15,38,27,57,17,5,88,99,72,78,73,73,57,72,68,81,13,96;45,89,4,44,56,19,51,46,30,41,48,1,22,18,94,17,13,53,96,42,31,43,28,59,36,42,38,14,55,28,93,97,64,23,91,59,59,82,14,20,45,38,45,89,66,59,1,25,72,70,6,67,4,34,53,63,90,17,95,63,11,94,18,6,14,19,64,13,57,50,85,27,34,93,23,88,93,13,35,86,28,97,11,79,43,5,55,40,31,28,30,17,97,88,97;22,95,41,36,13,76,33,41,78,57,27,64,78,76,71,91,35,12,0,19,54,5,80,18,44,33,66,62,74,75,22,14,25,0,92,80,21,17,16,41,11,27,87,11,66,21,20,71,61,95,59,66,1,29,59,70,89,46,23,72,89,31,13,49,32,71,68,26,6,33,65,5,58,9,99,26,50,4,58,19,79,53,25,32,26,31,28,73,22,10,56,74,53,20,96;22,79,64,24,87,39,28,46,18,31,53,50,69,13,25,19,78,22,51,8,77,35,11,98,43,24,97,78,3,96,33,70,71,28,53,73,10,92,86,81,58,37,49,83,10,41,94,32,76,63,52,80,3,56,99,67,83,37,82,74,41,17,97,62,44,98,53,7,51,84,20,16,49,16,3,32,51,59,35,99,37,59,58,12,44,86,12,5,57,15,33,37,54,37,95;24,23,26,66,41,72,34,53,22,39,4,47,69,92,4,23,0,13,20,66,33,74,64,52,68,74,97,25,37,68,79,7,51,70,44,57,85,71,49,15,23,5,20,63,84,5,11,38,28,45,5,59,10,50,67,10,32,9,12,89,11,57,71,86,20,0,91,52,45,29,34,73,40,77,83,44,87,46,33,53,40,48,38,11,63,71,37,15,57,38,2,73,75,63,77;49,63,79,40,61,35,85,28,80,69,96,47,70,36,82,82,37,39,16,58,29,92,67,24,91,74,11,75,39,63,43,47,1,57,42,62,26,32,37,62,53,78,90,66,12,86,49,94,89,81,64,84,10,40,11,63,48,96,34,78,77,99,33,1,77,43,45,99,95,42,69,48,77,33,78,81,65,72,34,22,99,4,80,12,29,75,58,68,0,55,94,0,50,79,46;30,14,69,33,81,23,97,96,85,26,46,95,36,1,7,80,51,27,82,15,36,49,1,5,58,97,62,92,99,58,90,90,24,49,59,38,49,91,78,44,95,21,52,51,15,49,13,20,42,14,10,91,88,59,86,80,1,97,97,13,49,33,50,11,29,34,3,3,20,58,60,49,89,1,5,5,2,97,69,29,95,11,6,32,11,30,29,57,92,50,20,16,20,57,71;59,24,85,79,27,64,33,82,79,43,29,2,68,77,28,93,9,44,42,43,28,55,8,35,88,45,11,6,48,76,0,50,89,27,53,95,37,13,76,46,88,15,17,37,35,21,70,40,95,72,83,4,19,93,21,31,72,20,86,8,88,3,91,84,73,21,18,53,85,92,15,35,89,79,78,70,33,60,76,35,84,52,71,62,0,66,14,95,37,69,88,44,8,57,11;12,47,9,7,50,70,79,3,63,56,84,99,29,5,28,31,19,93,13,38,87,61,57,14,18,57,8,33,10,70,44,6,75,81,96,45,87,88,82,87,41,46,38,51,36,7,50,81,32,40,33,67,77,44,80,11,82,86,17,49,12,35,17,33,10,69,89,20,19,98,52,5,79,51,22,6,51,43,64,86,12,52,57,77,10,27,3,75,78,23,61,19,36,8,4;28,63,51,26,82,21,24,11,14,4,75,24,96,51,11,53,1,24,95,33,29,28,35,92,85,30,99,39,41,25,3,59,92,32,56,36,63,79,75,11,34,4,29,95,87,29,87,8,83,13,27,84,60,44,73,81,96,61,91,55,23,0,34,36,17,26,71,9,20,11,92,16,26,4,61,40,78,16,25,21,18,78,86,99,41,66,85,65,24,72,54,16,91,90,29;91,22,62,34,8,8,9,20,7,87,61,5,28,34,30,89,97,74,79,91,44,59,60,42,21,53,52,92,57,33,99,71,10,23,75,54,92,73,5,6,18,75,81,53,21,31,55,0,88,87,62,76,11,26,26,46,52,77,13,38,88,58,88,66,56,24,59,55,74,75,69,19,89,56,70,59,42,37,34,20,62,60,11,47,79,10,4,71,57,55,50,73,63,93,90;32,48,35,32,42,99,32,21,98,52,80,5,62,55,11,99,52,89,96,26,58,9,97,8,16,27,1,17,57,85,88,46,16,58,14,28,99,47,91,78,25,35,80,25,38,78,32,16,69,53,49,28,26,57,69,76,93,61,96,47,97,20,62,67,31,43,35,10,4,62,23,23,21,97,92,61,72,16,49,63,69,93,11,81,55,19,15,55,38,14,18,77,33,53,63;21,26,91,79,9,78,7,42,93,68,80,4,72,59,24,59,24,50,64,8,50,94,96,62,5,40,66,12,9,50,54,62,43,76,97,53,91,47,45,53,3,55,99,34,24,33,89,7,21,15,30,35,75,23,86,36,30,6,14,67,96,14,82,61,74,95,68,30,46,41,37,23,85,52,42,25,83,12,44,13,54,2,69,13,74,52,97,40,33,43,96,34,48,40,1;37,23,80,42,19,2,11,76,71,58,6,5,66,38,75,1,26,86,33,19,61,71,58,96,68,97,68,33,56,66,72,35,3,51,75,46,55,68,73,40,94,19,61,50,48,42,64,10,97,33,95,40,8,50,40,68,31,89,43,97,36,3,3,34,0,86,62,69,17,95,78,71,12,66,9,87,31,92,4,48,84,91,44,98,20,28,97,10,23,94,30,10,17,45,8;76,8,58,76,60,70,69,4,78,34,33,60,77,43,17,59,24,76,90,31,85,55,62,40,51,95,68,84,59,95,20,6,89,89,62,47,59,35,25,74,67,58,66,37,71,8,3,4,21,47,62,57,49,41,76,18,88,70,18,55,46,57,35,53,97,47,44,67,45,76,86,4,93,90,12,1,61,90,40,27,49,30,44,49,68,85,8,80,56,74,9,25,51,39,29;48,96,21,11,75,10,23,28,69,44,88,38,97,67,69,89,49,37,22,99,65,29,98,94,50,18,91,95,69,32,14,62,75,49,96,72,81,67,9,72,96,40,35,72,24,39,39,84,81,39,6,71,25,44,54,70,37,83,49,73,38,43,2,20,65,8,44,97,98,65,42,97,84,61,32,75,36,95,31,49,95,68,10,54,56,93,67,93,68,46,27,66,67,76,6;51,80,66,88,5,16,51,93,81,49,9,18,31,61,72,61,44,25,62,73,93,79,82,97,1,40,54,89,23,13,37,77,22,32,24,90,73,87,38,19,65,92,77,19,68,47,13,7,41,92,65,59,9,7,32,79,87,4,1,40,59,10,33,91,6,15,96,67,78,43,10,97,43,90,59,17,96,39,73,1,13,54,36,74,47,75,94,77,1,71,41,8,0,59,98;70,85,69,23,28,53,35,45,99,78,21,80,41,80,68,49,59,62,81,88,20,52,94,89,69,77,43,28,58,72,33,32,11,90,69,29,40,79,1,70,82,41,1,46,94,31,81,39,28,60,56,47,77,68,27,67,44,89,71,89,16,1,12,75,51,53,38,88,18,93,57,32,2,76,59,22,94,25,85,23,57,24,1,36,96,61,94,98,36,25,33,10,35,47,45;1,52,98,82,24,34,27,8,2,60,90,25,44,47,45,16,72,96,9,22,87,33,68,99,85,81,90,44,53,72,58,31,36,11,44,54,35,63,69,97,1,69,70,55,38,40,48,39,79,23,32,90,74,96,74,84,3,90,35,83,0,99,51,34,3,95,41,42,38,42,49,60,48,44,18,69,83,64,62,71,15,88,16,39,75,25,9,9,62,63,8,54,17,37,17;9,93,8,28,81,43,63,54,28,39,22,20,23,81,56,0,26,12,91,63,90,58,91,73,52,94,9,30,66,48,9,52,70,57,70,19,92,53,84,60,34,47,1,37,4,69,74,5,85,74,76,49,2,89,24,87,36,69,8,3,36,29,29,14,68,28,30,7,41,81,69,98,59,48,13,16,46,44,87,18,0,0,59,45,48,69,64,62,90,30,87,31,26,31,4;99,7,67,5,3,31,6,54,39,94,70,7,32,74,17,2,70,6,50,71,63,12,94,39,6,17,60,29,75,95,26,74,54,71,28,39,91,12,36,33,4,33,71,78,52,77,94,3,3,78,23,38,31,20,37,65,41,5,67,96,31,80,78,61,0,88,56,87,11,18,15,77,7,90,39,99,26,95,78,23,7,96,65,75,83,83,66,73,58,53,2,90,34,7,61;60,92,16,5,29,74,34,39,65,9,35,20,93,4,43,98,45,97,44,0,11,84,76,70,62,88,22,92,30,81,18,99,42,97,47,85,5,87,76,9,59,9,65,64,25,71,56,66,13,96,33,91,37,77,38,25,75,1,14,5,57,87,28,35,91,5,46,29,78,18,12,99,83,57,91,5,21,15,52,50,86,63,46,15,82,49,98,80,98,35,79,42,63,60,9;17,55,50,10,89,14,78,93,55,44,87,56,63,6,16,30,86,2,27,14,78,6,36,22,63,91,38,39,45,49,8,92,21,38,75,49,55,1,28,19,23,68,82,75,64,73,63,88,99,78,62,8,41,31,34,91,18,38,48,42,40,1,59,3,88,0,8,2,1,79,14,27,87,64,61,98,97,78,91,67,63,29,77,62,82,82,54,98,67,22,90,40,97,98,21;16,95,95,67,63,51,5,27,0,51,15,87,7,87,53,48,21,78,11,32,24,73,66,88,78,94,29,2,96,20,37,55,36,39,25,93,48,81,34,84,8,32,92,8,26,94,53,83,7,73,94,87,24,93,69,5,52,54,73,83,7,60,93,78,4,63,28,4,75,28,37,39,70,83,90,16,64,45,18,63,9,34,58,64,71,54,77,77,8,10,49,65,60,54,98;91,30,88,80,76,76,44,32,16,41,41,97,36,80,79,70,14,76,64,11,44,76,64,30,19,96,93,8,18,9,87,43,34,48,88,32,49,30,63,45,66,25,2,79,36,74,23,26,80,97,53,37,82,1,4,89,65,58,86,61,68,80,82,8,56,98,76,68,55,22,91,98,54,11,15,97,67,4,99,46,20,90,91,63,54,28,37,41,62,73,36,2,53,97,13;20,28,33,22,84,78,29,32,22,64,39,8,43,18,26,43,93,19,25,89,58,21,55,45,16,91,36,89,64,90,37,41,31,60,48,95,0,32,30,30,86,37,85,34,10,12,57,58,32,29,64,40,52,24,23,75,40,15,57,49,94,82,8,81,21,61,40,28,92,65,37,38,67,24,72,45,73,9,70,91,44,33,31,93,79,4,59,34,9,48,84,62,53,33,51;88,31,13,84,14,49,93,58,13,27,75,12,87,9,50,7,36,66,38,7,59,52,40,46,85,85,52,58,32,43,9,69,73,15,73,47,15,54,53,80,36,33,46,67,26,37,15,21,52,65,85,48,41,57,22,28,88,19,58,82,51,62,1,81,36,22,3,12,11,98,86,79,56,86,31,33,95,77,8,40,24,23,93,30,84,69,42,21,50,3,14,25,58,77,31;99,37,0,20,36,60,6,38,53,63,84,22,59,64,42,75,62,31,60,23,16,60,3,11,71,13,40,53,48,31,27,76,31,76,24,75,37,96,99,98,86,75,11,94,78,43,53,35,63,50,72,65,49,67,83,4,18,56,45,92,50,90,49,13,12,13,53,55,92,40,77,44,24,66,45,12,75,0,79,44,46,84,0,60,77,61,36,28,96,32,67,53,47,39,31;0,52,5,10,10,75,45,24,33,94,7,93,64,71,10,95,82,2,8,25,31,87,6,12,14,55,21,39,6,69,18,88,67,19,66,85,5,9,60,44,0,31,32,55,20,37,30,80,66,1,48,80,54,83,60,32,34,7,14,51,43,88,98,64,50,42,59,67,0,50,22,17,92,43,41,11,21,34,92,25,84,11,83,96,47,76,72,56,48,0,20,46,76,66,83;56,30,35,8,95,48,91,77,82,22,91,11,25,77,69,33,72,58,34,66,67,84,0,14,81,68,12,98,47,53,30,48,70,17,56,38,43,28,97,13,48,50,2,48,90,12,89,34,85,31,74,82,47,34,62,36,58,54,77,16,5,8,76,3,95,43,79,33,21,93,58,34,20,89,0,50,84,14,93,0,28,81,29,16,60,27,6,42,40,28,26,29,71,32,87;72,6,86,3,32,5,48,69,48,66,33,71,6,55,23,64,55,92,52,5,62,47,47,8,99,51,22,66,89,96,68,90,8,87,26,76,38,93,56,44,85,92,19,39,16,37,42,39,63,21,24,56,41,35,40,98,60,83,45,71,78,53,32,27,24,89,11,51,55,86,59,38,36,54,98,85,32,80,63,91,79,88,91,53,57,24,60,97,21,15,71,9,62,86,61;56,60,1,61,63,56,90,39,8,23,90,51,73,30,17,32,44,20,76,79,71,72,6,33,95,1,58,65,83,75,86,81,77,60,55,93,32,68,45,87,95,87,78,10,17,4,45,33,12,63,96,83,7,7,12,43,35,45,27,20,10,27,86,8,81,88,50,67,92,84,86,10,28,8,19,21,58,88,38,92,58,67,25,23,19,65,73,52,39,51,36,27,11,36,86;64,27,62,7,63,44,7,16,59,59,43,44,20,81,96,85,15,84,23,70,36,95,86,15,37,51,28,18,70,40,80,2,27,38,12,42,79,31,7,12,78,13,96,49,41,42,95,47,44,44,24,59,88,40,21,77,55,2,73,69,40,25,89,38,0,32,69,72,55,50,15,60,86,77,6,50,45,35,0,48,42,80,64,52,8,93,30,51,34,8,72,22,81,41,43;88,8,67,73,37,24,69,32,2,74,0,67,68,76,69,91,80,1,84,61,82,50,68,15,52,88,85,35,38,58,13,7,55,19,18,6,53,85,89,69,22,37,27,67,37,42,84,60,44,79,89,6,20,82,20,64,9,56,96,45,32,50,28,92,2,93,76,58,93,3,18,10,48,26,57,55,35,22,80,79,11,51,79,32,62,97,37,30,81,68,21,40,11,66,91;31,26,46,78,8,81,32,73,3,83,21,21,32,45,93,83,95,3,1,27,15,46,49,51,32,1,34,45,14,51,90,90,91,56,53,48,34,26,67,15,70,56,40,90,69,35,87,21,51,9,27,57,97,88,14,83,79,44,57,82,52,91,50,0,1,75,69,83,52,69,14,93,46,9,61,8,50,67,74,42,30,21,74,33,30,48,81,9,24,17,80,19,75,50,7;98,13,70,69,42,71,61,93,29,43,95,77,46,32,29,64,41,23,90,93,70,53,18,59,48,36,77,42,81,26,75,79,15,83,7,27,81,83,65,63,20,39,11,73,81,44,95,42,25,24,19,26,74,88,39,16,79,4,75,74,28,73,12,78,4,75,27,5,96,71,82,68,62,90,53,30,10,99,8,16,97,53,68,15,2,63,37,40,82,63,21,11,72,36,1;84,41,97,69,81,1,44,4,12,9,71,94,49,74,38,84,6,60,96,94,33,50,59,87,27,3,41,78,35,23,41,95,31,44,58,22,90,30,99,89,60,49,35,89,5,17,92,50,46,58,78,10,45,69,83,6,93,47,39,77,36,56,2,6,33,22,47,95,98,57,3,65,62,5,6,8,27,68,82,96,12,32,56,73,91,97,67,63,9,89,31,62,4,5,19;78,21,46,44,19,95,51,7,52,2,67,88,86,96,47,25,66,83,7,39,91,95,26,89,19,64,20,88,57,44,83,17,78,13,44,47,67,23,49,79,19,70,42,7,6,77,96,84,58,15,97,32,65,98,87,21,95,52,8,31,55,17,25,88,19,9,27,37,4,13,55,65,58,66,34,73,4,66,34,31,61,53,46,7,43,18,65,6,54,82,94,6,40,3,56;79,6,5,33,50,61,63,68,75,85,20,47,68,96,73,42,38,12,59,79,96,14,31,34,47,23,18,3,85,26,90,88,92,4,39,0,95,34,31,29,90,70,45,12,60,35,21,66,95,80,65,95,13,11,84,22,37,25,39,87,91,25,92,34,15,36,61,64,76,5,60,98,2,84,6,44,42,91,75,49,50,71,57,71,97,53,23,97,7,50,25,90,51,39,89;57,74,3,21,77,57,95,18,54,70,79,26,14,92,54,93,89,76,66,81,0,79,4,59,79,92,37,70,38,69,80,88,34,14,26,89,59,39,32,74,20,8,89,5,58,67,65,5,17,65,72,68,46,82,57,44,80,37,96,20,57,30,8,15,54,99,22,0,68,71,54,93,12,95,56,73,3,10,71,15,9,40,11,98,33,39,51,84,66,12,40,30,13,24,0;34,34,48,94,22,96,79,29,57,16,8,81,61,18,95,5,27,11,99,25,74,52,33,98,74,41,68,53,58,75,97,46,80,66,82,56,44,91,24,8,11,85,85,4,4,96,84,88,0,99,84,10,30,96,74,52,52,65,2,79,70,11,26,59,28,80,8,75,2,6,84,94,33,68,9,1,61,55,21,65,23,60,67,73,60,20,88,91,87,89,58,35,82,96,23;23,82,45,18,44,16,69,64,43,34,58,19,14,67,68,41,51,20,97,70,14,77,25,38,31,85,15,54,50,18,62,57,60,91,83,25,74,58,81,24,88,76,67,43,1,8,14,11,18,73,62,6,37,89,66,70,58,25,90,20,31,99,56,8,17,87,15,10,18,52,36,38,85,18,26,60,16,19,58,92,98,81,11,46,81,11,91,83,92,15,12,80,51,55,34;41,91,52,27,5,15,82,72,76,89,89,11,88,3,8,51,29,11,32,87,9,77,86,94,20,72,78,72,46,62,60,79,8,65,7,69,95,60,43,40,11,51,83,93,87,33,6,64,61,21,7,25,79,33,51,5,92,67,61,14,39,36,96,36,72,79,25,70,50,1,6,0,52,42,79,12,3,46,42,35,65,15,8,83,49,40,9,97,19,13,63,25,40,30,38;82,62,21,75,80,76,55,10,45,99,3,93,78,20,34,40,54,13,11,10,98,82,6,41,20,3,74,4,43,62,70,65,17,43,41,83,46,93,61,84,49,28,16,40,95,51,41,46,58,66,82,40,72,10,15,33,64,21,25,99,3,46,73,2,76,22,2,26,98,45,41,85,36,96,5,38,15,48,88,75,67,82,16,77,70,42,6,30,37,42,67,72,89,84,79;74,74,71,37,42,72,21,6,69,79,73,56,26,7,33,27,87,31,60,94,79,59,12,85,23,81,77,62,88,32,70,20,1,68,79,50,75,54,16,65,84,20,2,70,9,61,62,15,87,13,98,93,40,62,45,57,47,3,44,91,11,14,69,5,3,52,28,25,35,48,5,82,87,21,76,33,33,13,9,19,47,90,87,19,62,36,45,81,18,34,66,46,90,10,17;38,40,68,92,77,92,68,50,36,90,31,51,17,76,94,76,41,55,81,18,59,61,83,12,60,82,17,89,35,66,51,42,57,74,51,68,12,91,60,29,23,23,86,73,2,75,5,30,67,94,1,26,64,92,78,88,38,3,13,24,21,7,9,12,94,56,89,18,24,86,44,86,74,30,31,39,24,66,19,61,48,34,38,50,48,4,30,19,43,63,36,23,83,62,13;11,68,35,22,56,9,13,84,16,2,89,66,77,52,62,3,68,2,63,58,23,26,16,56,47,40,93,14,68,1,53,82,32,99,99,50,37,10,76,81,64,71,52,16,54,81,44,70,70,35,34,34,86,62,19,93,28,15,32,71,93,69,76,92,2,45,33,79,94,83,60,91,58,89,13,34,6,60,82,56,40,97,38,94,22,50,4,29,74,82,5,42,28,29,40;62,31,67,8,82,81,89,74,71,60,36,3,17,0,40,86,15,66,60,3,5,25,21,15,58,18,18,29,98,68,32,21,65,83,22,93,94,53,11,17,46,45,0,8,54,11,44,72,49,38,14,23,74,87,73,25,59,4,18,42,16,71,25,51,67,74,69,91,27,65,98,64,5,8,54,10,2,31,72,63,55,54,1,99,76,7,24,41,8,7,82,63,56,74,63;21,92,94,16,1,8,97,31,82,15,90,49,56,77,2,17,4,3,58,61,24,8,36,89,29,5,75,17,67,72,36,43,19,4,57,80,3,46,9,15,74,73,32,35,53,82,72,20,14,33,2,9,72,65,34,93,65,30,88,76,95,49,16,65,88,26,72,77,74,25,13,98,38,66,58,6,83,49,78,38,55,82,27,41,29,47,66,91,19,28,61,13,83,62,56;22,8,71,41,37,20,16,75,11,61,71,72,70,48,14,54,48,28,32,77,57,39,84,5,33,49,13,50,64,15,57,10,3,4,11,83,42,44,23,40,36,32,71,96,46,38,13,58,67,94,89,32,11,82,90,82,33,35,99,0,60,10,63,86,39,86,59,79,91,25,41,85,0,85,0,14,83,23,2,37,1,20,80,68,94,67,44,40,82,28,56,9,54,20,28;12,57,98,87,48,89,35,54,94,91,58,13,60,6,73,9,3,18,51,79,45,29,63,87,27,75,29,95,19,85,65,76,36,66,8,58,42,61,77,47,57,97,89,75,16,85,97,1,43,50,8,55,15,1,45,57,8,66,90,69,36,55,89,92,41,73,19,94,72,91,41,47,0,82,27,86,43,32,16,82,48,11,4,52,56,10,68,39,5,45,44,8,67,42,38;32,94,16,93,58,51,86,96,91,30,67,75,21,36,24,55,19,77,52,96,84,38,44,67,42,59,48,54,75,88,29,67,56,13,22,21,73,71,65,2,12,18,58,53,0,3,40,57,83,31,27,50,63,0,82,83,4,16,84,93,45,36,63,71,90,60,1,0,53,0,76,41,60,93,80,87,81,66,42,31,24,64,99,45,49,66,22,8,21,46,87,46,15,29,41;39,10,64,49,40,70,2,30,85,40,72,50,26,80,92,61,18,69,16,58,87,24,79,33,66,99,77,3,36,32,99,13,37,49,66,87,6,42,89,70,81,79,10,65,81,16,49,26,83,43,69,73,58,92,62,27,4,32,60,87,77,51,66,19,10,33,84,25,67,41,89,58,62,13,76,22,91,76,83,2,36,13,28,63,90,4,0,67,23,5,56,38,55,17,26;43,17,41,12,42,88,36,49,86,83,8,53,59,11,13,19,63,72,66,30,99,54,12,55,91,24,24,52,51,25,69,71,99,82,89,38,2,32,52,53,24,85,99,65,25,29,61,98,91,40,0,76,22,91,36,96,61,86,67,97,99,41,73,25,40,78,41,89,90,98,59,72,74,81,52,28,67,4,82,21,91,39,51,86,97,47,74,65,44,59,64,66,35,9,79;14,85,32,40,0,69,79,84,37,67,67,60,23,53,32,35,38,38,30,36,84,84,56,18,56,11,93,99,49,24,62,1,59,85,52,70,9,70,42,49,37,71,61,56,1,9,37,64,42,51,85,27,2,37,25,10,32,64,88,39,64,99,67,24,88,98,90,39,78,99,44,36,39,34,61,55,6,92,82,28,8,84,52,46,16,26,64,15,54,90,65,87,94,36,48;34,82,3,14,92,34,80,57,67,40,50,36,17,29,76,15,31,40,46,48,92,1,89,27,21,46,33,67,60,54,63,39,78,37,30,19,40,44,7,35,27,36,41,34,42,79,75,29,5,51,52,80,82,10,3,84,65,77,99,82,92,75,90,66,40,61,18,58,25,4,38,91,93,23,80,23,81,88,81,53,91,69,87,82,25,87,81,20,82,72,85,97,64,21,60;41,52,86,98,93,99,61,1,10,1,15,21,50,80,36,36,70,68,66,6,91,20,97,0,53,81,50,23,66,53,25,32,98,23,11,2,79,38,61,31,80,33,98,72,26,46,0,17,51,90,11,50,34,79,81,47,82,45,80,65,13,17,53,85,41,96,68,96,71,76,11,34,52,28,98,78,43,35,32,61,25,58,48,98,47,71,39,90,57,54,70,79,54,91,92;48,23,29,16,35,49,59,83,70,25,23,80,37,7,69,60,2,70,15,2,30,21,95,40,82,75,39,75,79,51,19,67,54,45,2,53,50,79,39,24,62,52,11,73,42,1,80,11,43,20,60,7,27,67,78,50,81,4,55,30,75,80,9,74,19,89,48,62,52,93,74,9,39,74,31,12,38,71,68,66,42,15,99,61,90,12,95,92,98,26,79,18,48,35,6;44,51,66,9,74,69,90,69,4,91,82,82,19,20,39,1,34,35,59,5,1,87,12,20,27,73,7,39,47,57,50,1,37,73,96,17,62,99,72,32,67,56,95,59,94,40,39,23,49,75,12,21,15,19,3,93,61,73,1,62,65,61,50,52,49,86,8,2,57,98,96,61,61,33,77,13,40,52,80,98,5,2,5,73,62,22,59,19,78,12,60,49,92,70,23;48,54,41,71,22,88,85,57,49,4,18,59,46,11,69,30,79,96,30,81,14,32,81,95,91,96,5,90,77,85,26,22,74,64,48,43,19,51,74,91,25,36,61,11,15,86,59,31,90,2,73,59,97,24,81,79,37,50,38,15,20,17,1,87,27,24,5,50,3,96,36,8,8,13,59,15,74,62,58,34,52,83,79,22,63,47,72,76,89,99,68,79,3,93,27;96,33,16,53,89,54,50,76,47,95,28,59,78,39,84,4,64,16,5,99,36,65,53,68,17,85,57,44,63,77,83,43,39,11,6,56,52,57,53,48,55,67,58,1,66,70,87,7,99,32,98,86,87,9,89,68,92,85,52,61,33,16,80,75,15,40,2,3,85,57,27,81,94,27,28,76,64,86,70,36,91,39,22,1,46,24,74,99,69,22,8,26,10,44,88;38,60,73,45,44,59,41,69,40,71,57,9,10,56,5,95,32,98,82,75,67,61,55,9,85,34,75,49,64,68,87,34,61,95,57,21,37,75,41,61,12,95,4,39,79,34,3,9,50,45,50,17,26,69,83,99,49,61,62,35,36,55,44,99,39,97,90,0,34,93,71,22,7,55,89,65,43,36,3,93,19,15,45,19,38,39,67,12,26,6,63,17,91,36,91;78,10,6,99,0,83,81,81,64,97,27,40,12,7,1,90,32,37,57,70,41,97,35,16,54,12,25,71,21,37,69,3,72,56,39,43,73,57,96,34,89,72,6,54,82,9,54,43,15,78,22,47,33,70,6,79,79,35,14,59,53,41,97,7,89,32,50,41,21,11,85,21,6,21,59,81,68,26,11,2,57,38,31,55,59,70,1,66,11,49,81,78,31,53,73;54,88,14,95,25,34,62,9,83,70,43,6,30,4,16,22,57,47,94,55,98,50,43,11,92,2,55,36,82,44,53,3,21,31,79,38,19,53,90,2,74,51,76,28,10,29,76,18,54,20,97,29,94,77,87,31,45,10,46,11,71,33,26,18,37,77,3,73,40,56,72,45,42,21,59,93,81,89,27,3,40,58,83,92,95,55,96,51,81,5,76,2,67,0,60;71,30,83,93,70,31,75,36,65,30,78,15,18,48,48,29,61,20,6,14,43,21,69,25,72,42,94,60,39,5,36,67,57,6,47,34,56,8,34,37,71,13,78,53,42,63,38,13,86,49,27,42,33,30,20,83,44,98,79,90,75,63,82,38,63,45,64,65,9,43,9,67,98,51,12,8,39,62,31,44,45,40,71,99,74,8,9,51,33,21,32,81,10,3,9;8,32,30,13,88,84,66,21,82,89,74,87,95,44,25,24,5,61,7,72,7,78,85,28,25,10,73,4,43,27,43,27,63,65,93,66,84,64,93,45,58,95,82,52,92,7,60,71,12,19,21,74,23,15,76,96,80,64,29,48,76,66,58,15,58,43,96,24,73,30,76,53,69,6,85,32,52,79,13,18,47,3,6,76,99,4,44,2,65,47,18,81,90,15,98;79,66,67,23,77,89,65,89,71,93,99,51,0,27,15,3,75,19,52,43,6,73,22,94,84,19,32,94,53,50,26,39,36,53,34,13,91,78,75,23,75,43,19,92,64,38,3,77,16,52,45,12,18,83,42,88,31,16,11,30,59,47,63,50,16,78,33,5,14,27,42,19,99,17,80,69,86,47,20,0,91,93,11,56,16,6,97,85,8,29,1,34,66,94,64;93,2,12,65,16,16,19,93,20,74,85,92,26,26,70,16,65,74,50,59,65,99,20,60,5,5,22,93,96,65,45,38,46,79,92,90,37,46,4,4,48,94,89,14,41,1,11,15,20,33,56,42,91,38,98,64,24,15,71,10,55,50,41,84,47,22,89,95,65,20,2,23,11,1,72,32,11,85,16,48,35,27,47,34,84,70,18,35,87,34,3,0,94,26,81;30,69,98,11,97,46,27,34,17,26,3,37,59,60,19,61,10,84,18,82,45,57,23,3,51,48,88,65,50,57,34,17,4,13,5,24,58,54,70,68,50,76,7,22,66,64,57,55,34,55,24,74,51,70,62,86,35,38,83,15,27,95,6,74,27,34,23,2,31,90,22,99,79,86,85,10,33,16,31,74,7,80,84,49,54,47,64,0,61,55,80,39,43,34,45;95,29,87,98,0,37,8,10,50,82,30,62,53,26,99,40,22,91,3,53,40,66,9,13,90,96,76,97,96,42,70,27,15,95,98,50,51,57,65,32,98,3,54,32,32,97,99,69,12,84,57,24,89,16,40,25,52,56,5,35,83,20,83,33,51,31,59,4,93,52,94,86,26,29,32,92,32,18,31,33,70,99,77,70,89,85,74,95,0,99,33,29,27,59,89;1,24,57,57,49,14,12,5,30,0,91,44,6,53,26,99,38,76,68,33,14,42,66,6,70,53,33,30,23,5,98,2,3,10,26,11,18,28,28,13,73,71,82,80,98,32,6,76,76,16,75,90,26,49,43,32,46,49,53,62,70,80,18,29,55,0,68,54,95,72,83,86,80,0,15,68,61,4,92,11,39,64,13,95,40,14,7,7,90,87,3,30,63,78,61;92,39,6,56,21,50,29,79,16,9,11,89,24,95,80,91,59,66,96,57,81,98,87,82,40,91,86,65,38,77,72,65,71,62,74,98,78,92,80,80,28,72,67,94,36,73,50,41,39,2,17,81,6,23,21,88,0,31,78,68,81,53,2,35,68,33,33,61,66,56,73,85,96,18,74,33,60,28,16,83,13,95,22,77,11,13,62,27,56,80,22,25,62,96,17;27,7,68,64,6,71,5,26,21,0,46,4,71,58,68,44,69,97,10,77,19,4,55,53,84,42,22,42,98,35,1,47,67,51,18,97,63,26,65,46,68,98,39,49,12,39,11,44,86,85,73,30,40,71,79,78,69,38,5,92,81,65,0,85,90,44,22,28,19,29,84,81,3,24,23,95,94,50,52,76,6,13,33,38,38,9,18,18,70,91,7,44,14,25,46;14,5,82,88,69,40,89,9,91,73,18,55,30,16,68,48,80,70,36,57,34,5,85,12,37,39,46,38,3,19,8,7,45,83,5,98,15,11,3,97,51,88,74,32,62,90,36,35,31,86,34,47,1,88,22,20,98,2,11,65,47,61,68,95,85,74,18,33,41,6,49,47,67,46,11,23,77,8,12,64,15,56,47,80,84,61,9,67,93,89,47,54,89,38,88;15,29,47,31,32,22,81,8,54,32,75,82,35,15,48,50,65,39,31,27,72,23,39,32,16,7,95,76,47,68,88,67,43,76,54,36,64,76,90,14,96,95,8,89,96,67,95,1,33,59,88,21,77,11,3,38,60,3,65,20,58,63,31,40,26,76,21,89,42,41,30,21,37,63,78,41,63,9,92,41,48,32,28,80,94,76,59,16,43,35,0,68,97,31,26;15,7,92,60,39,42,62,10,5,60,20,39,26,59,45,14,28,6,99,12,86,17,88,16,9,3,81,92,56,18,71,62,42,77,93,14,68,62,18,41,84,27,80,11,9,35,92,65,74,86,90,5,12,95,95,92,46,43,9,83,86,87,16,67,99,51,75,18,58,3,65,57,65,57,56,52,62,51,78,5,55,38,52,58,99,27,78,46,2,26,55,48,61,88,44;46,13,67,1,90,88,67,6,56,13,36,65,57,10,91,65,0,35,96,3,11,67,79,35,33,85,93,42,3,46,38,19,42,99,14,65,45,53,92,85,69,54,46,44,73,7,96,9,93,19,16,15,16,46,22,89,84,44,10,13,42,61,40,54,23,23,84,92,38,3,2,11,53,93,28,4,52,37,22,28,5,33,43,16,94,27,4,21,12,0,34,89,90,86,52;0,95,97,42,47,26,19,88,3,10,60,56,1,17,39,30,11,62,28,92,21,11,50,35,27,42,13,12,61,94,5,89,62,39,92,34,83,58,0,10,55,27,86,53,37,62,57,93,38,38,5,69,88,80,6,8,3,67,58,98,96,23,66,41,36,70,78,9,6,92,87,29,40,48,97,15,80,70,15,31,37,35,70,3,93,87,71,40,50,29,40,97,76,12,67;25,76,25,92,71,67,33,4,60,22,65,36,75,15,61,15,74,59,82,14,17,42,48,60,36,9,23,28,36,57,9,74,53,79,79,28,54,80,99,28,47,8,35,11,78,16,62,67,45,78,55,14,7,93,80,10,85,18,32,13,59,57,70,51,36,3,74,54,23,65,11,83,75,13,26,66,95,46,7,33,70,18,31,60,63,19,11,85,71,96,75,93,46,66,59;29,1,4,87,47,1,13,6,58,90,62,83,80,51,81,52,8,14,9,58,13,3,80,99,11,19,49,94,80,56,80,87,90,42,0,16,68,19,83,80,50,61,2,20,87,85,56,25,17,43,57,59,77,41,32,93,25,59,6,57,42,2,68,68,82,90,63,89,44,92,11,51,36,53,54,41,22,27,41,97,38,6,49,54,7,69,58,4,65,19,73,90,52,37,50;4,54,16,29,3,88,20,62,49,65,35,83,83,96,13,37,78,57,48,83,6,37,75,18,9,70,39,19,30,81,82,15,93,21,47,41,85,41,13,90,33,74,6,88,79,92,8,4,39,41,43,12,4,29,81,34,80,15,17,83,8,3,67,54,63,51,20,10,80,34,45,33,26,38,52,30,57,84,72,3,54,35,55,28,52,56,3,90,38,64,71,5,52,33,97;19,31,75,49,7,61,82,24,31,86,33,22,70,57,90,35,76,78,92,25,58,1,3,46,67,24,55,33,87,23,81,55,14,85,29,27,74,68,96,1,68,93,34,34,45,71,37,8,40,36,22,80,94,94,95,8,93,8,4,64,74,63,42,15,3,96,14,48,66,68,28,86,37,63,32,3,62,13,62,14,14,50,62,65,46,43,51,29,26,13,37,97,63,81,2;89,44,47,82,53,14,41,35,9,35,88,77,97,16,12,36,47,63,84,84,11,14,27,62,44,56,69,46,2,36,57,75,95,55,98,53,5,14,96,68,87,80,5,48,13,37,32,5,50,77,10,16,13,93,17,94,81,38,90,72,81,15,72,60,54,96,63,50,83,42,2,89,33,51,80,47,82,62,11,68,26,66,13,89,41,99,23,17,66,43,74,7,78,49,63;27,10,83,23,60,10,92,55,15,75,58,28,19,1,29,32,67,68,83,3,18,81,20,72,57,68,43,36,32,27,19,8,27,70,19,57,24,98,40,63,76,11,34,49,92,80,97,15,19,18,76,70,1,89,94,5,76,57,9,55,68,14,74,25,23,78,64,6,50,19,36,55,14,82,48,96,50,30,90,35,52,46,58,49,39,80,9,1,73,97,49,53,59,73,83;8,54,11,10,48,48,6,14,23,94,76,56,63,24,61,73,68,86,62,7,16,92,35,30,27,12,56,53,1,78,97,26,77,19,91,2,16,96,75,33,80,44,53,58,1,13,11,40,52,24,41,91,14,52,39,54,15,79,47,82,41,59,83,96,66,82,40,67,23,25,71,43,47,26,93,98,58,25,2,40,89,76,89,13,96,42,41,79,55,58,89,68,41,54,0;33,21,10,40,78,27,30,41,72,68,20,75,79,42,50,21,21,56,7,18,88,96,41,38,16,25,31,95,43,72,13,75,82,37,34,35,41,14,14,35,40,42,45,78,3,14,50,18,97,51,8,55,39,25,38,87,5,40,12,90,98,14,91,16,80,9,29,45,4,3,45,25,99,90,96,6,41,0,80,41,49,62,92,76,24,96,2,37,76,20,96,45,57,75,77;48,56,13,28,15,93,82,42,54,98,36,14,36,25,33,30,85,42,57,19,63,78,64,85,93,18,99,38,40,88,54,56,83,70,16,52,83,75,70,96,9,69,26,71,99,64,19,97,76,71,6,39,81,95,2,46,99,87,42,60,55,27,9,84,10,70,99,74,72,43,92,98,19,45,57,91,79,88,21,75,72,31,19,66,94,20,96,2,50,27,96,73,82,39,65;99,12,74,21,0,15,25,98,9,78,99,46,88,36,13,82,77,91,14,20,76,89,75,63,2,25,27,66,34,66,92,41,50,9,76,93,81,95,24,88,43,90,2,10,32,62,35,60,77,68,27,35,29,37,8,4,29,48,94,13,24,63,63,1,52,19,83,87,44,17,77,78,81,47,21,85,40,52,48,93,80,32,39,14,10,75,65,69,23,75,55,78,51,32,71;30,73,56,70,65,56,2,39,77,8,21,27,56,92,8,84,91,14,10,53,71,12,13,89,54,31,2,85,34,77,50,30,40,34,45,64,34,5,5,98,1,79,90,37,24,73,64,81,49,52,57,97,53,23,65,46,27,84,1,58,55,73,45,26,96,42,60,52,31,12,64,8,3,2,87,77,90,33,36,77,89,52,10,48,34,53,7,70,67,96,83,25,20,97,65;27,68,50,94,12,22,62,65,51,33,52,68,71,66,86,99,25,24,29,66,77,32,78,60,38,43,89,76,12,38,94,64,8,7,34,50,73,38,67,38,24,24,11,15,55,16,21,88,38,46,48,86,19,54,17,94,68,2,44,44,51,91,30,13,8,51,1,54,0,27,49,79,49,98,26,55,19,15,41,23,52,43,41,26,65,60,22,64,45,96,74,16,28,16,40;43,12,51,21,4,95,35,50,91,8,98,3,11,67,33,33,60,23,41,54,88,90,61,7,66,65,29,27,50,64,0,10,6,50,20,83,28,37,17,64,56,7,51,12,71,8,53,57,69,41,64,14,2,91,32,90,18,14,21,8,14,11,2,77,63,33,17,73,82,36,57,0,30,60,50,31,89,72,4,60,29,74,27,21,27,62,61,66,65,61,13,32,3,84,10;59,96,3,43,88,61,19,34,66,59,98,61,6,5,45,22,20,63,35,51,72,82,88,12,6,18,85,81,97,68,9,8,10,52,15,73,58,47,32,97,76,29,11,58,38,95,38,39,9,80,73,2,99,0,63,19,77,4,25,87,85,76,1,79,93,99,43,5,12,69,81,72,85,31,3,84,95,45,71,95,84,57,92,56,43,7,40,6,88,53,48,49,88,2,67;28,89,21,7,42,50,0,83,91,52,59,80,30,54,43,93,74,5,35,93,91,44,24,99,30,67,2,53,36,55,34,29,32,21,27,29,88,55,68,53,51,21,27,63,48,58,7,15,63,74,50,39,99,60,99,40,46,51,29,90,87,71,6,81,13,10,89,14,83,25,3,9,91,29,15,22,80,8,33,79,45,99,81,52,25,16,59,9,5,14,8,15,66,54,65
输出样例
0,4;1,3;1,4;2,2;3,0;3,1;4,0

0,91;0,92;0,93;0,94;1,91;1,92;1,93;2,90;2,91;2,92;3,92;93,0;93,1;94,0;94,1

其他
提交 29 次 通过 14 次 通过率 48.28%
感谢热心群众 宋驰 于 2017年06月16日 17:35 提供赛题
