 硬币比赛
序号：#47 难度：困难  时间限制：1000ms  内存限制：10M
描述

有 n 个不同价值的硬币排成一条线。有 A 与 B 两个玩家，指定由 A 开始轮流（A 先手，然后 B，然后再 A..）从左边依次拿走 1 或 2 个硬币（不能不拿，也不能拿其他个数），直到没有硬币为止。最后计算 A 与 B 分别拿到的硬币总价值，价值高的人获胜。

请依据硬币的排列情况来判定，先手的玩家 A 能否找到必胜策略？
输入

使用逗号(,)分隔的一个正整数数组，表示这排硬币的排列情况与对应价值
输出

true 或 false（字符类型），表示玩家 A 能否找到必胜策略
输入样例

1,2,2

1,2,4

74,96,89,21,14,42,33,6,54,46,17,13,76,68,21,99,72,99,87,36,18,67,57,8,56,24,87,94,93,48,11,52,39,66,46,40,81,14,73,64,54,50,34,24,49,73,28,39,23,44,13,72,25,28,85,36,32,37,94,63,71,83,58,33,84,30,36,14,73,10,4,41,61,51,98,76,84,60,80,2,38,44,8,5,82,25,74,47,31,79,32,78

21,70,46,52,44,79,52,92,66,86,1,29,66,60,74,65,88,84,67,46,96,63,73,65,32,20,88,80,4,86,71,37,46,31,60,97,41,96,55,33,1,60,10,6,55,64,5,6,82,34,5,62,57,0,89,32,82,59,72,16,82,85,55,30,11,41,84

71,28,82,19,15,34,77,59,62,54,14,78,41,46,77,63,89,87,45,18,4,50,16,70,92,21,88,32,80,82,47,9,93,95,31,17,2,77,19,36,47,3,23,6,86,99,36,42,18,81,41,4,64,69,41,76,11,96,73,36,70,1,70,60,4,86,93,87,49,34,57,15,75,18,99,81,76
输出样例

true

false

true

true

false
其他

提交 89 次 通过 17 次 通过率 19.10%
感谢热心群众 宋驰 于 2017年04月11日 18:31 提供赛题
